m=100
c=10
k=1000
v0=1
x0=10
alpha=.1
